01101111000001001001101001010010100100101100100000101
00000011011101010001100000010100101001010100001110000
10011001110010000011101001000100111000010010100111110
10000010000011001101001010000001111001011011001101100
10000010100101001001001001001011000000011011011011001
01000000001101100111110010011110011001000001010101000
01000000010010000010001110100010000011110100111110000
10101100100011010010100010111110001111001000111001001
00101011010110001011100100010111001110110001100000000
10101010100010100000010000111011011000001111000000110
01001001011101000101000010101000000010110110101010001
11100001100101110100100001110100011100111000100011111
01110100101110011100010000000010001000001101010011001
10010011011101001010010000000001010101001100111101101
11100101101100000110100000100110011001001011000001000
11000101111000101010111001111000000101001010011010001
00101100010000001000011101000000010001100110011100000
00100001101000110101000101001100101010101000001101110
01010100111010001011000001000000010100101110011111110
00001000100011111010000001100000011100101010100110001
00101010101111010100100100000011100000010110100011001
00000001000011011110110101001111101000101110101110101
11000001001101100100101000110010101000110110000011000
00010011101100011110010000100010101011001100000000001
11111110010001110101011011001000000001010000100110011
01100011100011010100000000100001111010001000110001101
10100101001110001001110110010010001101101010000011000
01000111100101000101100001000100000100101110010110011
00110010000100000101100111001110010010001001000010010
00101010101100000001100111000010111001101100111000111
01110011110000010110110001001111110011110100011000110
11000010000010101010101010010011101110011001000100010
00100001001010011101101011101111010001100100000110111
10100011101010001010000111011111111001101010010101010
00000010101100000010001001011010010010110000100001110
00000111110001010110001110010001111001000011100000100
11000110001100100001101001101001100111111111100111001
11011000100110010111101010010000011001100011000100010
01011010111110001000011000010010001110110110010101100
10111000011001010100001000101000001100010000000100011
00000100101110001000100101110011001100001000000110000
10111101101110100010111001010101000111001110111001100
11101100001010000111000110101100001111011110110001101
11000101000001111100100011000000110101101010100000010
00011000100101010010011111001111111101000010011001010
11110110100010000110001000011111000011100010101100010
11010100101111100110101101000110100000010111010011000
00100101011000101100110101101100111110000100000000100
01101000111111010110111110000100101010011100001000110
10000001100100110101101000110100100001111000000100000
00100001010101010000111011001100110110100110101010001
01000101111101000100111110011100110100010000110000110
11010001010000000011110001110111101001010111010100001