1001110011110000101100111000010000110011110000110011101
0011011110000010010011010010100101001001011001000001010
1000000110111010100011000000101001010010101000011100000
1100110011100100000111010010001001110000100101001111101
0100000100000110011010010100000011110010110110011011000
0100000101001010010010010010010110000000110110110110011
0010000000011011001111100100111100110010000010101010000
0010000000100100000100011101000100000111101001111100001
0101011001000110100101000101111100011110010001110010010
0001010110101100010111001000101110011101100011000000001
1101010101000101000000100001110110110000011110000001101
1010010010111010001010000101010000000101101101010100010
0111000011001011101001000011101000111001110001000111110
1011101001011100111000100000000100010000011010100110011
0100100110111010010100100000000010101010011001111011010
0111001011011000001101000001001100110010010110000010001
0110001011110001010101110011110000001010010100110100010
1001011000100000010000111010000000100011001100111000001
0001000011010001101010001010011001010101010000011011100
1010101001110100010110000010000000101001011100111111101
1000010001000111110100000011000000111001010101001100011
1001010101011110101001001000000111000000101101000110010
0000000010000110111101101010011111010001011101011101011
0110000010011011001001010001100101010001101100000110001
1000100111011000111100100001000101010110011000000000010
0111111100100011101010110110010000000010100001001100110
0011000111000110101000000001000011110100010001100011011
0101001010011100010011101100100100011011010100000110000
1010001111001010001011000010001000001001011100101100111
0001100100001000001011001110011100100100010010000100100
0001010101011000000011001110000101110011011001110001110
0011100111100000101101100010011111100111101000110001101
0110000100000101010101010100100111011100110010001000100
1001000010010100111011010111011110100011001000001101110
1101000111010100010100001110111111110011010100101010101
1000000101011000000100010010110100100101100001000011100
0000001111100010101100011100100011110010000111000001000
0110001100011001000011010011010011001111111111001110011
1110110001001100101111010100100000110011000110001000101
1010110101111100010000110000100100011101101100101011001
0101110000110010101000010001010000011000100000001000111
1000001001011100010001001011100110011000010000001100001
0101111011011101000101110010101010001110011101110011000
1111011000010100001110001101011000011110111101100011011
0110001010000011111001000110000001101011010101000000101
0000110001001010100100111110011111111010000100110010101
0111101101000100001100010000111110000111000101011000101
0110101001011111001101011010001101000000101110100110001
0001001010110001011001101011011001111100001000000001000
1011010001111110101101111100001001010100111000010001100
1100000011001001101011010001101001000011110000001000000
1001000010101010100001110110011001101101001101010100011
0010001011111010001001111100111001101000100001100001101
0110100010100000000111100011101111010010101110101000011
1001101100100100000100101110010000000110101100111010110